

bestChromosome = [1,3,9,1,1,5,10,3,3,2,1,8,4,2,3,6,3,2,2,9,3,4,10,...
    5,3,3,1,5,3,3,4,3,3,3,3,3,2,5,2,3,3,2,9,3,1,4,...
    2,5,1,3,1,4,2,3,4,6,3,2,1,1,3,5,9,4,1,1,3,3,4,...
    4,6,3,4,1,5,7,4,5,1,5,4,5,3,4,4,1,2,4,2,2,9,2,...
    1,3,5,1,2,5,3,1,2,3,3,6,2,4,8,9,3,1,5,5,1,1,2,1,...
    1,5,7,6,2,4,8,1,4,1,3,1];