function best_path = BestPath
%Generated on 2022-09-28 using 
%%%%%%%%%%%%%%%%%%%%%%%%%%%%%%%%%%%%%
% Parameters
%%%%%%%%%%%%%%%%%%%%%%%%%%%%%%%%%%%%%
%numberOfAnts = 50; 
%alpha = 1;      
%beta = 15;       
%rho = 0.33;       
%tau0 = 0.2        


best_path = [48,33,38,45,39,27,44,40,37,49,30,47,34,42,28,46,29,50,32,25,26,...
    18,1,5,13,10,9,12,6,15,3,11,20,8,16,21,19,7,14,22,17,24,2,23,4,41,35,43,31,36];

%length = 99.72912.
end

